build-in_functions.md      : 443    (3.92521708311182)    [62.80347332978912]
beginning_of_classes.md    : 1116   (9.88835725677831)    [81.91564770512139]
Inheritance.md             : 845    (7.487152223994329)   [89.40279992911572]
composition.md             : 33     (0.29239766081871343) [89.69519758993442]
class_members.md           : 158    (1.3999645578592947)  [91.09516214779372]
property.md                : 646    (5.723905723905724)   [96.81906787169945]
abstract.md                : 110    (0.9746588693957114)  [97.79372674109516]
modules.md                 : 240    (2.126528442317916)   [99.92025518341308]
packets.md                 : 9      (0.07974481658692185) [100.0]

Toplam                     : 11286  (100)