operators.md               : 588    (5.209994683678894)   [9.197235513024987 ]
statements_and_keywords.md : 230    (2.0379230905546697)  [11.235158603579656]
if-elif-else.md            : 143    (1.267056530214425)   [12.502215133794081]
while-for_loops.md         : 424    (3.756866914761652)   [16.259082048555733]
error_catching.md          : 347    (3.0746057061846535)  [19.333687754740385]
numeric_types.md           : 238    (2.1088073719652667)  [21.44249512670565]
bool.md                    : 2      (0.0177210703526493)  [21.4602161970583]
string.md                  : 1099   (9.73772815878079)    [31.19794435583909]
escape_sequences.md        : 143    (1.267056530214425)   [32.46500088605352]
character_encoding.md      : 118    (1.0455431508063087)  [33.51054403685983]
list.md                    : 385    (3.4113060428849904)  [36.921850079744814]
tuple.md                   : 158    (1.3999645578592947)  [38.321814637604106]
range.md                   : 63     (0.5582137161084529)  [38.88002835371256]
dictionary.md              : 327    (2.8973950026581607)  [41.77742335637072]
set.md                     : 234    (2.073365231259968)   [43.85078858763069]
frozenset.md               : 91     (0.8063087010455432)  [44.65709728867623]
bytes.md                   : 72     (0.6379585326953748)  [45.295055821371605]
bytearrays.md              : 42     (0.3721424774056353)  [45.667198298777244]
memoryview.md              : 9      (0.07974481658692185) [45.74694311536417]
file_operations.md         : 934    (8.275739854687224)   [54.02268297005139]
with_ve_context_manager.md : 120    (1.063264221158958)   [55.08594719121035]
functions.md               : 428    (3.79230905546695)    [58.8782562466773]
build-in_functions.md      : 443    (3.92521708311182)    [62.80347332978912]
advanced_functions.md      : 751    (6.654261917419812)   [69.45773524720893]
decorators.md              : 226    (2.002480949849371)   [71.4602161970583]
what_is_object.md          : 64     (0.5670742512847776)  [72.02729044834308]
beginning_of_classes.md    : 1116   (9.88835725677831)    [81.91564770512139]
Inheritance.md             : 845    (7.487152223994329)   [89.40279992911572]
composition.md             : 33     (0.29239766081871343) [89.69519758993442]
class_members.md           : 158    (1.3999645578592947)  [91.09516214779372]
property.md                : 646    (5.723905723905724)   [96.81906787169945]
abstract.md                : 110    (0.9746588693957114)  [97.79372674109516]
modules.md                 : 240    (2.126528442317916)   [99.92025518341308]
packets.md                 : 9      (0.07974481658692185) [100.0]

Toplam                     : 11286  (100)